73301
73344
75001
75002
75006
75007
75009
75010
75011
75013
75014
75015
75016
75017
75019
75020
75021
75022
75023
75024
75025
75026
75027
75028
75029
75030
75032
75034
75035
75037
75038
75039
75040
75041
75042
75043
75044
75045
75046
75047
75048
75049
75050
75051
75052
75053
75054
75056
75057
75058
75060
75061
75062
75063
75065
75067
75068
75069
75070
75071
75074
75075
75076
75077
75078
75080
75081
75082
75083
75085
75086
75087
75088
75089
75090
75091
75092
75093
75094
75097
75098
75099
75101
75102
75103
75104
75105
75106
75109
75110
75114
75115
75116
75117
75118
75119
75120
75121
75123
75124
75125
75126
75127
75132
75134
75135
75137
75138
75140
75141
75142
75143
75144
75146
75147
75148
75149
75150
75151
75152
75153
75154
75155
75156
75157
75158
75159
75160
75161
75163
75164
75165
75166
75167
75168
75169
75172
75173
75180
75181
75182
75185
75187
75189
75201
75202
75203
75204
75205
75206
75207
75208
75209
75210
75211
75212
75214
75215
75216
75217
75218
75219
75220
75221
75222
75223
75224
75225
75226
75227
75228
75229
75230
75231
75232
75233
75234
75235
75236
75237
75238
75240
75241
75242
75243
75244
75245
75246
75247
75248
75249
75250
75251
75252
75253
75254
75258
75260
75261
75262
75263
75264
75265
75266
75267
75270
75275
75277
75283
75284
75285
75286
75287
75301
75303
75310
75312
75313
75315
75320
75323
75326
75334
75336
75339
75340
75342
75343
75344
75353
75354
75355
75356
75357
75358
75359
75360
75363
75364
75367
75368
75370
75371
75372
75373
75374
75376
75378
75379
75380
75381
75382
75386
75387
75388
75389
75390
75391
75392
75393
75394
75395
75396
75397
75398
75401
75402
75403
75404
75407
75409
75410
75411
75412
75413
75414
75415
75416
75417
75418
75420
75421
75422
75423
75424
75425
75426
75428
75429
75431
75432
75433
75434
75435
75436
75437
75438
75439
75440
75441
75442
75443
75444
75446
75447
75448
75449
75450
75451
75452
75453
75454
75455
75456
75457
75458
75459
75460
75461
75462
75468
75469
75470
75471
75472
75473
75474
75475
75476
75477
75478
75479
75480
75481
75482
75483
75485
75486
75487
75488
75489
75490
75491
75492
75493
75494
75495
75496
75497
75501
75503
75504
75505
75507
75550
75551
75554
75555
75556
75558
75559
75560
75561
75562
75563
75564
75565
75566
75567
75568
75569
75570
75571
75572
75573
75574
75599
75601
75602
75603
75604
75605
75606
75607
75608
75615
75630
75631
75633
75636
75637
75638
75639
75640
75641
75642
75643
75644
75645
75647
75650
75651
75652
75653
75654
75656
75657
75658
75659
75660
75661
75662
75663
75666
75667
75668
75669
75670
75671
75672
75680
75681
75682
75683
75684
75685
75686
75687
75688
75689
75691
75692
75693
75694
75701
75702
75703
75704
75705
75706
75707
75708
75709
75710
75711
75712
75713
75750
75751
75752
75754
75755
75756
75757
75758
75759
75760
75762
75763
75764
75765
75766
75770
75771
75772
75773
75778
75779
75780
75782
75783
75784
75785
75788
75789
75790
75791
75792
75797
75798
75799
75801
75802
75803
75831
75832
75833
75834
75835
75838
75839
75840
75844
75845
75846
75847
75848
75849
75850
75851
75852
75853
75855
75856
75858
75859
75860
75861
75862
75865
75880
75882
75884
75886
75901
75902
75903
75904
75915
75925
75926
75928
75929
75930
75931
75932
75933
75934
75935
75936
75937
75938
75939
75941
75942
75943
75944
75946
75948
75949
75951
75954
75956
75958
75959
75960
75961
75962
75963
75964
75965
75966
75968
75969
75972
75973
75974
75975
75976
75977
75978
75979
75980
75990
76001
76002
76003
76004
76005
76006
76007
76008
76009
76010
76011
76012
76013
76014
76015
76016
76017
76018
76019
76020
76021
76022
76023
76028
76031
76033
76034
76035
76036
76039
76040
76041
76043
76044
76048
76049
76050
76051
76052
76053
76054
76055
76058
76059
76060
76061
76063
76064
76065
76066
76067
76068
76070
76071
76073
76077
76078
76082
76084
76085
76086
76087
76088
76092
76093
76094
76095
76096
76097
76098
76099
76101
76102
76103
76104
76105
76106
76107
76108
76109
76110
76111
76112
76113
76114
76115
76116
76117
76118
76119
76120
76121
76122
76123
76124
76126
76127
76129
76130
76131
76132
76133
76134
76135
76136
76137
76140
76147
76148
76150
76155
76161
76162
76163
76164
76177
76179
76180
76181
76182
76185
76191
76192
76193
76195
76196
76197
76198
76199
76201
76202
76203
76204
76205
76206
76207
76208
76209
76210
76225
76226
76227
76228
76230
76233
76234
76238
76239
76240
76241
76244
76245
76246
76247
76248
76249
76250
76251
76252
76253
76255
76258
76259
76261
76262
76263
76264
76265
76266
76267
76268
76270
76271
76272
76273
76299
76301
76302
76305
76306
76307
76308
76309
76310
76311
76351
76352
76354
76357
76360
76363
76364
76365
76366
76367
76369
76370
76371
76372
76373
76374
76377
76379
76380
76384
76385
76388
76389
76401
76402
76424
76426
76427
76429
76430
76431
76432
76433
76435
76436
76437
76439
76442
76443
76444
76445
76446
76448
76449
76450
76452
76453
76454
76455
76457
76458
76459
76460
76461
76462
76463
76464
76465
76466
76467
76468
76469
76470
76471
76472
76474
76475
76476
76481
76483
76484
76485
76486
76487
76490
76491
76501
76502
76503
76504
76505
76508
76511
76513
76518
76519
76520
76522
76523
76524
76525
76526
76527
76528
76530
76531
76533
76534
76537
76538
76539
76540
76541
76542
76543
76544
76545
76546
76547
76548
76549
76550
76554
76556
76557
76558
76559
76561
76564
76565
76566
76567
76569
76570
76571
76573
76574
76577
76578
76579
76596
76597
76598
76599
76621
76622
76623
76624
76626
76627
76628
76629
76630
76631
76632
76633
76634
76635
76636
76637
76638
76639
76640
76641
76642
76643
76644
76645
76648
76649
76650
76651
76652
76653
76654
76655
76656
76657
76660
76661
76664
76665
76666
76667
76670
76671
76673
76676
76678
76679
76680
76681
76682
76684
76685
76686
76687
76689
76690
76691
76692
76693
76701
76702
76703
76704
76705
76706
76707
76708
76710
76711
76712
76714
76715
76716
76795
76797
76798
76799
76801
76802
76803
76804
76820
76821
76823
76824
76825
76827
76828
76831
76832
76834
76836
76837
76841
76842
76844
76845
76848
76849
76852
76853
76854
76855
76856
76857
76858
76859
76861
76862
76864
76865
76866
76869
76870
76871
76872
76873
76874
